431800677
367110550
338112818
431003481
431301475
477698400
431002286
671890000
431004883
431101065
431001618
431000131
431101161
431014508
431007415
636019564
432833000
431000253
431169000
431000443
431000769
345070227
345070301
345070368
345070335
345070322
241293000
563421000
258511000
538007563
636019217
572525210
345010067
345030081
345070294
345010029
345050041
636019259
345070319
345070347
209768000
210606989
341341019
413121650
413244560
413461350
413826023
446157136
525015429
566591000
